
                             _S:S11 PI: STENA-  _S:S12 PI: STENA-  _S:S22 PI: STENA-
                  X             1 E: 1 IP: 1       1 E: 1 IP: 1       1 E: 1 IP: 1  

                0.                 0.                 0.                 0.         
              100.E-03           194.265              3.37458E-15       -3.72638E-03
              200.E-03           280.809             -1.56437E-15       35.997E-03  
              300.E-03           360.421            -30.1007E-18        56.4863E-03 
              400.E-03           434.13               6.16342E-15       63.6012E-03 
              500.E-03           502.754             -6.90929E-15       65.9995E-03 
              600.E-03           566.949              7.70401E-15       66.0674E-03 
              700.E-03           627.253              2.02589E-15       65.018E-03  
              800.E-03           684.111             68.2228E-15        63.4646E-03 
              900.E-03           737.895            -69.6267E-15        61.716E-03  
                1.               788.921             18.2939E-15        59.9239E-03 




