********************************************************************************
Probe Values Report, written on Thu Apr 24 13:55:39 2025

Source
-------

   ODB: C:/lnms/Vid/cross-hole/PopravljeniRP2.odb
   Step: loading
   Frame: Increment     10: Step Time =    1.000
   Variable: U, Magnitude

Probe values reported at nodes

  Part Instance     Node ID                     Orig. Coords                                       Def. Coords                   
                                    X                Y                Z                X                Y                Z       
-------------------------------------------------------------------------------------------------------------------------------
  SPECIMEN-1           1          16.1612          16.1612               0.          21.1656          21.1656               0.
  SPECIMEN-1           2          7.07107          7.07107               0.          13.3378          13.3378               0.
  SPECIMEN-1           3              10.               0.               0.          19.0117          2.36913               0.
  SPECIMEN-1           4              25.               0.               0.              36.      68.4616E-30               0.
  SPECIMEN-1           5              25.             12.5               0.              36.             12.5               0.
  SPECIMEN-1           6         -7.07107         -7.07107               0.         -5.90889         -5.90889               0.
  SPECIMEN-1           7         -16.1612         -16.1612               0.         -14.9174         -14.9174               0.
  SPECIMEN-1           8            -12.5             -25.               0.            -12.5             -25.               0.
  SPECIMEN-1           9               0.             -25.               0.      76.3272E-33             -25.               0.
  SPECIMEN-1          10               0.             -10.               0.          2.77649         -9.38963               0.
  SPECIMEN-1          11         -16.1612          16.1612               0.          -15.567           20.767               0.
  SPECIMEN-1          12         -7.07107          7.07107               0.         -5.98923          13.7009               0.
  SPECIMEN-1          13               0.              10.               0.          2.36913          19.0117               0.
  SPECIMEN-1          14               0.              25.               0.      34.1599E-30              36.               0.
  SPECIMEN-1          15            -12.5              25.               0.            -12.5              36.               0.
  SPECIMEN-1          16          7.07107         -7.07107               0.          13.7009         -5.98923               0.
  SPECIMEN-1          17          16.1612         -16.1612               0.           20.767          -15.567               0.
  SPECIMEN-1          18              25.            -12.5               0.              36.            -12.5               0.
  SPECIMEN-1          19             12.5              25.               0.             12.5              36.               0.
  SPECIMEN-1          20             -25.             12.5               0.             -25.             12.5               0.
  SPECIMEN-1          21             -25.               0.               0.             -25.      6.94622E-33               0.
  SPECIMEN-1          22             -10.               0.               0.         -9.38963          2.77649               0.
  SPECIMEN-1          23             12.5             -25.               0.             12.5             -25.               0.
  SPECIMEN-1          24             -25.            -12.5               0.             -25.            -12.5               0.
  SPECIMEN-1          25          20.2165          13.4515               0.          28.7078          15.2598               0.
  SPECIMEN-1          26          11.6161          11.6161               0.          17.2955          17.2955               0.
  SPECIMEN-1          27           9.2388          3.82683               0.          17.5469          7.80063               0.
  SPECIMEN-1          28             17.5               0.               0.          27.0003          1.38867               0.
  SPECIMEN-1          29              25.             6.25               0.              36.             6.25               0.
  SPECIMEN-1          30         -3.82683          -9.2388               0.         -2.04533          -8.4905               0.
  SPECIMEN-1          31         -11.6161         -11.6161               0.          -10.369          -10.369               0.
  SPECIMEN-1          32         -13.4515         -20.2165               0.         -12.5147         -19.2844               0.
  SPECIMEN-1          33            -6.25             -25.               0.            -6.25             -25.               0.
  SPECIMEN-1          34               0.            -17.5               0.          1.72758         -16.9053               0.
  SPECIMEN-1          35         -13.4515          20.2165               0.         -12.5591          27.8439               0.
  SPECIMEN-1          36         -11.6161          11.6161               0.         -10.7738          17.2845               0.
  SPECIMEN-1          37         -3.82683           9.2388               0.         -2.32178          17.5563               0.
  SPECIMEN-1          38               0.             17.5               0.          1.38867          27.0003               0.
  SPECIMEN-1          39            -6.25              25.               0.            -6.25              36.               0.
  SPECIMEN-1          40           9.2388         -3.82683               0.          17.5563         -2.32178               0.
  SPECIMEN-1          41          11.6161         -11.6161               0.          17.2845         -10.7738               0.
  SPECIMEN-1          42          20.2165         -13.4515               0.          27.8439         -12.5591               0.
  SPECIMEN-1          43              25.            -6.25               0.              36.            -6.25               0.
  SPECIMEN-1          44          3.82683           9.2388               0.          7.80063          17.5469               0.
  SPECIMEN-1          45          13.4515          20.2165               0.          15.2598          28.7078               0.
  SPECIMEN-1          46             6.25              25.               0.             6.25              36.               0.
  SPECIMEN-1          47          -9.2388          3.82683               0.         -8.49455           8.2976               0.
  SPECIMEN-1          48         -20.2165          13.4515               0.         -20.1006           15.473               0.
  SPECIMEN-1          49             -25.             6.25               0.             -25.             6.25               0.
  SPECIMEN-1          50            -17.5               0.               0.         -16.9053          1.72758               0.
  SPECIMEN-1          51          13.4515         -20.2165               0.           15.473         -20.1006               0.
  SPECIMEN-1          52          3.82683          -9.2388               0.           8.2976         -8.49455               0.
  SPECIMEN-1          53             6.25             -25.               0.             6.25             -25.               0.
  SPECIMEN-1          54         -20.2165         -13.4515               0.         -19.2844         -12.5147               0.
  SPECIMEN-1          55          -9.2388         -3.82683               0.          -8.4905         -2.04533               0.
  SPECIMEN-1          56             -25.            -6.25               0.             -25.            -6.25               0.
  SPECIMEN-1          57          16.7143          7.02889               0.          25.2888          9.67587               0.
  SPECIMEN-1          58         -7.02889         -16.7143               0.         -5.67673         -15.9797               0.
  SPECIMEN-1          59         -7.02889          16.7143               0.         -6.19534          25.1451               0.
  SPECIMEN-1          60          16.7143         -7.02889               0.          25.1451         -6.19534               0.
  SPECIMEN-1          61          7.02889          16.7143               0.          9.67587          25.2888               0.
  SPECIMEN-1          62         -16.7143          7.02889               0.         -15.9124          9.85098               0.
  SPECIMEN-1          63          7.02889         -16.7143               0.          9.85098         -15.9124               0.
  SPECIMEN-1          64         -16.7143         -7.02889               0.         -15.9797         -5.67673               0.