
                                   RF:RF1 PI: ASSEMBLY N: 
                     X                        1           

                   0.                      -0.            
                 100.E-03                   2.48010182E+03
                 200.E-03                   2.98158646E+03
                 300.E-03                   3.42307401E+03
                 400.E-03                   3.82009745E+03
                 500.E-03                   4.17596006E+03
                 600.E-03                   4.49545574E+03
                 700.E-03                   4.78226948E+03
                 800.E-03                   5.03955841E+03
                 900.E-03                   5.27009439E+03
                   1.                       5.4763279E+03 




