
                                   RF:RF1 PI: ASSEMBLY N: 
                     X                        1           

                   0.                      -0.            
                 100.E-03                   2.4078505E+03 
                 200.E-03                   2.88505888E+03
                 300.E-03                   3.30598164E+03
                 400.E-03                   3.68512177E+03
                 500.E-03                   4.02558136E+03
                 600.E-03                   4.33169746E+03
                 700.E-03                   4.60690212E+03
                 800.E-03                   4.85410404E+03
                 900.E-03                   5.07585335E+03
                   1.                       5.27440548E+03


