
                                   U:U1 PI: SPECIMEN-1 N: 
                     X                        38          

                   0.                       0.            
                 100.E-03                 550.E-03        
                 200.E-03                   1.10000002    
                 300.E-03                   1.64999998    
                 400.E-03                   2.20000005    
                 500.E-03                   2.75          
                 600.E-03                   3.29999995    
                 700.E-03                   3.8499999     
                 800.E-03                   4.4000001     
                 900.E-03                   4.94999981    
                   1.                       5.5           




